function [gxh, tpv] = eom_logo
% Orbit is an EOM generated Matlab/Octave function that
% plots a 3D orbit trace in ECI or ECF coordinates
%
% Outputs:
%   gxh  Graphics handle to new image
%   tpv  Nx7 matrix of time, pos, vel, in ECI or ECF
%        coordinates, units of DU and DU/TU

tpv = [
  0.0000000000000000e+00  2.9999363043971045e-01 -3.7761041959917152e-01 -9.6440541151487735e-01 9.7588336312604018e-01 7.6874457540201013e-01 2.5640993696526121e-03;
  3.7183429977089427e-01  6.4689649247036973e-01 -8.4358703826080170e-02 -9.1185598088173014e-01 8.7655263688070173e-01 7.9428803378935231e-01 2.7238806371981972e-01;
  7.4366859954178854e-01  9.4584531405009686e-01 2.0385567004559885e-01 -7.7124800039082031e-01 7.2867826732729479e-01 7.4671025955702164e-01 4.6890598936962902e-01;
  1.1155028993126828e+00  1.1896080519601815e+00 4.6668872570703662e-01 -5.7372907372976512e-01 5.8608306493873163e-01 6.6429542831889199e-01 5.8117407832275036e-01;
  1.4873371990835771e+00  1.3851027647752507e+00 6.9735047290341634e-01 -3.4639598655512521e-01 4.7028715859180148e-01 5.7705291690971894e-01 6.3401967002755688e-01;
  1.8591714988544714e+00  1.5427434373058517e+00 8.9684009756279914e-01 -1.0647443648503814e-01 3.8174228152293915e-01 4.9769738810695968e-01 6.5227657511037962e-01;
  2.2310057986253655e+00  1.6716705548504862e+00 1.0688458257501845e+00 1.3638886128982153e-01 3.1481854793488817e-01 4.2931652238521545e-01 6.5180399176643167e-01;
  2.6028400983962601e+00  1.7788329860570671e+00 1.2174077004337280e+00 3.7704857348704029e-01 2.6382742586156388e-01 3.7138474857920833e-01 6.4149353948416699e-01;
  2.9746743981671542e+00  1.8692958679158320e+00 1.3461415600452189e+00 6.1283462555736157e-01 2.2437661275118176e-01 3.2239749717381644e-01 6.2616839961233894e-01;
  3.3465086979380483e+00  1.9467314200357808e+00 1.4580791849608494e+00 8.4241778878550810e-01 1.9331998563299788e-01 2.8079715219650841e-01 6.0844514101423752e-01;
  3.7183429977089428e+00  2.0138254266749263e+00 1.5557093574209424e+00 1.0651988849075831e+00 1.6844517652412214e-01 2.4523858695200301e-01 5.8975505781106441e-01;
  4.0901772974798369e+00  2.0725698432981030e+00 1.6410677995639720e+00 1.2809792009606951e+00 1.4819214950253873e-01 2.1462829047461265e-01 5.7088489272333742e-01;
  4.4620115972507310e+00  2.1244650081175420e+00 1.7158263326155072e+00 1.4897797919355660e+00 1.3144855769684455e-01 1.8809567853784842e-01 5.5226434309141015e-01;
  4.8338458970216251e+00  2.1706584160506228e+00 1.7813679500194457e+00 1.6917405503429956e+00 1.1740996106299589e-01 1.6495079081021702e-01 5.3412175141476959e-01;
  5.2056801967925201e+00  2.2120405899589786e+00 1.8388465162453935e+00 1.8870629016104707e+00 1.0548590422527503e-01 1.4464522431713994e-01 5.1657031227971539e-01;
  5.5775144965634142e+00  2.2493121282239166e+00 1.8892332499213276e+00 2.0759768988795710e+00 9.5236695362240387e-02 1.2674029188394295e-01 4.9965686266517872e-01;
  5.9493487963343084e+00  2.2830312707520486e+00 1.9333527143931237e+00 2.2587222534460980e+00 8.6330437431391099e-02 1.1088226322717068e-01 4.8339004050319939e-01;
  6.3211830961052025e+00  2.3136481453862414e+00 1.9719107323741698e+00 2.4355374696753134e+00 7.8513441240372794e-02 9.6783458650143164e-02 4.6775679983180019e-01;
  6.6930173958760966e+00  2.3415297817664213e+00 2.0055161529228105e+00 2.6066537609448779e+00 7.1589560643363956e-02 8.4207883661653382e-02 4.5273221307273220e-01;
  7.0648516956469916e+00  2.3669786328394111e+00 2.0346979456450525e+00 2.7722918135177337e+00 6.5405550094870132e-02 7.2960297064682211e-02 4.3828532911929141e-01;
  7.4366859954178857e+00  2.3902464653529973e+00 2.0599187313168996e+00 2.9326602538662589e+00 5.9840543038582758e-02 6.2877850897539694e-02 4.2438267629367554e-01;
  7.8085202951887798e+00  2.4115449013231842e+00 2.0815855788907616e+00 3.0879551317766403e+00 5.4798389583029787e-02 5.3823654504525836e-02 4.1099034050073091e-01;
  8.1803545949596739e+00  2.4310535057782032e+00 2.1000586905888676e+00 3.2383600012230254e+00 5.0202005523081482e-02 4.5681782648468179e-02 3.9807517297500000e-01;
  8.5521888947305680e+00  2.4489260545418889e+00 2.1156584428164007e+00 3.3840463428671850e+00 4.5989155055864796e-02 3.8353373309138017e-02 3.8560546313982402e-01;
  8.9240231945014621e+00  2.4652954365244906e+00 2.1286711369563198e+00 3.5251741706114710e+00 4.2109268386832828e-02 3.1753553311840196e-02 3.7355128231568163e-01;
  9.2958574942723562e+00  2.4802775204440408e+00 2.1393537299613121e+00 3.6618927253867657e+00 3.8521015304856021e-02 2.5808997485421963e-02 3.6188462579047642e-01;
  9.6676917940432503e+00  2.4939742282826263e+00 2.1479377520521541e+00 3.7943411971607337e+00 3.5190437210415274e-02 2.0455976339489444e-02 3.5057943292398824e-01;
  1.0039526093814146e+01  2.5064759953829086e+00 2.1546325719628223e+00 3.9226494398345455e+00 3.2089496061701833e-02 1.5638783310993151e-02 3.3961153532579236e-01;
  1.0411360393585040e+01  2.5178637521352396e+00 2.1596281348415314e+00 4.0469386585874512e+00 2.9194937673184613e-02 1.1308459137186104e-02 3.2895856459041434e-01;
  1.0783194693355934e+01  2.5282105294657211e+00 2.1630972710845064e+00 4.1673220585910586e+00 2.6487394248228616e-02 7.4217505123687745e-03 3.1859983934999592e-01;
  1.1155028993126828e+01  2.5375827662406634e+00 2.1651976538556892e+00 4.2839054498724893e+00 2.3950670575359878e-02 3.9402547753968299e-03 3.0851624394649702e-01;
  1.1526863292897723e+01  2.5460413787928657e+00 2.1660734672373811e+00 4.3967878067280042e+00 2.1571172388278135e-02 8.2971331016339165e-04 2.9869010625858589e-01;
  1.1898697592668617e+01  2.5536426393502238e+00 2.1658568346805014e+00 4.5060617822809430e+00 1.9337445619877075e-02 -1.9405754046906178e-03 2.8910507916547579e-01;
  1.2270531892439511e+01  2.5604388999834686e+00 2.1646690478390651e+00 4.6118141800543935e+00 1.7239802789598527e-02 -4.3982458862580759e-03 2.7974602817698491e-01;
  1.2642366192210405e+01  2.5664791909400417e+00 2.1626216283316322e+00 4.7141263851206867e+00 1.5270018325239510e-02 -6.5682768650582417e-03 2.7059892651623557e-01;
  1.3014200491981299e+01  2.5718097162760425e+00 2.1598172489984084e+00 4.8130747577116146e+00 1.3421078775076331e-02 -8.4733379162148324e-03 2.6165075815892280e-01;
  1.3386034791752193e+01  2.5764742650814281e+00 2.1563505364710216e+00 4.9087309922630853e+00 1.1686976995174287e-02 -1.0134082919798258e-02 2.5288942884978127e-01;
  1.3757869091523087e+01  2.5805145529984559e+00 2.1523087730581367e+00 5.0011624448172514e+00 1.0062541771321662e-02 -1.1569399525223321e-02 2.4430368482788417e-01;
  1.4129703391293983e+01  2.5839705059104667e+00 2.1477725128785190e+00 5.0904324315719451e+00 8.5432961503006458e-03 -1.2796622034680245e-02 2.3588303882922199e-01;
  1.4501537691064877e+01  2.5868804954468816e+00 2.1428161246861182e+00 5.1766005011893625e+00 7.1253391525143662e-03 -1.3831713730134769e-02 2.2761770285273594e-01;
  1.4873371990835771e+01  2.5892815341800284e+00 2.1375082718036187e+00 5.2597226832780066e+00 5.8052466206597320e-03 -1.4689423563729020e-02 2.1949852714494572e-01;
  1.5245206290606665e+01  2.5912094369735734e+00 2.1319123379220790e+00 5.3398517152586820e+00 4.5799878032556579e-03 -1.5383421248830565e-02 2.1151694485921332e-01;
  1.5617040590377560e+01  2.5926989538062033e+00 2.1260868061595213e+00 5.4170372496263042e+00 3.4468549339102816e-03 -1.5926414080287794e-02 2.0366492186560939e-01;
  1.5988874890148454e+01  2.5937838784761134e+00 2.1200855976437798e+00 5.4913260434298516e+00 2.4034035893989981e-03 -1.6330248240378063e-02 1.9593491121808199e-01;
  1.6360709189919348e+01  2.5944971368476399e+00 2.1139583749493145e+00 5.5627621316161822e+00 1.4474020237369965e-03 -1.6605996883043369e-02 1.8831981182165494e-01;
  1.6732543489690244e+01  2.5948708576950739e+00 2.1077508149372743e+00 5.6313869857201162e+00 5.7678800549959899e-04 -1.6764036911006492e-02 1.8081293088036587e-01;
